5,-1,-1,-1,8,6,20,11111011000001000000
RELATIONCAT,6,8,4,4,20
ATTRIBUTECAT,6,27,5,102,20
BigNumbers,1,1464,1502,1514,118
BigBigNumbers,1,964,4299,4307,118
ToysForSale,4,410,7,56,31
NULL,4,410,7,56,31
ToysToReorder,4,182,57,62,31
ToysCopy,4,1000,63,95,31
NULL,4,1000,63,95,31
NULL,4,1000,63,95,31
NULL,4,1000,63,95,31
NULL,4,1000,63,95,31
NULL,4,1000,63,95,31
Numbers,1,166469,8,1501,118
NULL,1,166469,8,1501,118
NULL,1,166469,8,1501,118
NULL,1,166469,8,1501,118
NULL,1,166469,8,1501,118
NULL,1,166469,8,1501,118
NULL,1,166469,8,1501,118
